0 0.000000 
1 0.000000 
2 0.000000 
3 0.000000 
4 0.000000 
5 0.000000 
6 0.000000 
7 0.000000 
8 0.000000 
9 0.000000 
10 0.000000 
11 0.000000 
12 0.000000 
13 0.000000 
14 0.000000 
15 0.000000 
16 0.000000 
17 0.000000 
18 0.000000 
19 0.000000 
20 0.000000 
21 0.000000 
22 0.000000 
23 0.000000 
24 0.000000 
25 0.000000 
26 0.001000 
27 0.001000 
28 0.001000 
29 0.002000 
30 0.004000 
31 0.005000 
32 0.010000 
33 0.014000 
34 0.024000 
35 0.040000 
36 0.062000 
37 0.105000 
38 0.164000 
39 0.269000 
40 0.431000 
